Half	Min	Passer	Pos	Rec	Region
1	1	15	5	3	2
1	1	3	2	3	4
1	1	3	4	15	2
1	1	15	2	3	4
1	1	3	4	8	4
1	1	8	4	3	4
1	1	3	4	5	4
1	1	5	4	11	3
1	1	11	3	18	5
1	1	18	5	5	4
1	2	5	4	11	5
1	2	11	5	18	7
1	2	18	7	14	5
1	2	14	5	-1	5
1	2	6	5	15	5
1	2	15	5	8	5
1	2	8	5	16	4
1	2	16	4	18	5
1	2	18	5	16	6
1	2	16	6	3	5
1	2	3	5	18	7
1	2	18	7	11	6
1	2	11	6	-1	9
1	3	5	4	1	1
1	3	1	1	5	4
1	3	5	4	16	4
1	3	16	4	8	4
1	3	8	4	8	5
1	3	8	5	3	4
1	3	3	4	5	4
1	3	5	4	14	5
1	3	14	5	5	4
1	3	5	4	14	4
1	3	14	4	6	5
1	3	6	5	3	5
1	3	3	5	18	6
1	4	18	6	8	6
1	4	8	6	6	7
1	4	6	7	14	6
1	4	14	6	11	6
1	4	11	6	18	6
1	4	18	6	-1	9
1	4	5	5	18	5
1	4	18	5	-1	5
1	5	18	5	11	5
1	5	11	5	14	5
1	5	14	5	16	4
1	5	16	4	3	4
1	5	3	4	3	5
1	5	3	5	15	5
1	5	15	5	3	4
1	5	3	4	1	1
1	5	1	1	5	4
1	5	5	4	16	4
1	6	16	4	8	4
1	6	8	4	3	4
1	6	3	4	6	7
1	6	6	7	8	5
1	6	8	5	18	6
1	6	18	6	-1	9
1	6	3	5	8	7
1	6	8	7	-1	7
1	6	5	5	3	4
1	6	3	4	8	5
1	6	8	5	15	5
1	6	15	5	3	4
1	6	3	4	18	5
1	6	18	5	18	7
1	6	18	7	7	9
1	6	7	9	0	9
1	7	8	5	15	5
1	7	15	5	5	4
1	7	5	4	3	4
1	7	3	4	3	5
1	7	3	5	-1	7
1	7	5	1	11	3
1	7	11	3	-1	5
1	8	16	4	18	5
1	8	18	5	6	5
1	8	6	5	-1	7
1	8	16	7	18	7
1	8	18	7	-1	7
1	8	3	4	16	4
1	8	16	4	3	4
1	8	3	4	8	4
1	8	8	4	16	5
1	8	16	5	18	7
1	8	18	7	15	8
1	9	15	8	18	7
1	9	18	7	-1	9
1	9	14	7	16	5
1	9	16	5	3	4
1	9	3	4	5	4
1	9	5	4	8	5
1	9	8	5	11	5
1	9	11	5	6	5
1	9	6	5	8	5
1	9	8	5	11	5
1	9	11	5	14	5
1	9	14	5	16	5
1	9	16	5	15	8
1	9	15	8	16	7
1	9	16	7	14	5
1	9	14	5	8	5
1	9	8	5	16	7
1	9	16	7	18	7
1	9	18	7	-1	7
1	10	3	2	1	1
1	10	1	1	8	4
1	10	8	4	14	4
1	10	14	4	-1	4
1	10	5	4	16	4
1	10	16	4	8	4
1	10	8	4	8	5
1	10	8	5	7	8
1	10	7	8	7	7
1	10	7	7	-1	7
1	10	18	7	8	7
1	10	8	7	15	8
1	10	15	8	8	5
1	10	8	5	11	5
1	10	11	5	6	6
1	11	6	6	8	7
1	11	8	7	6	7
1	11	6	7	15	8
1	11	15	8	-1	8
1	11	8	8	15	8
1	11	15	8	16	7
1	11	16	7	14	7
1	11	14	7	-1	7
1	12	3	4	15	5
1	12	15	5	8	7
1	12	8	7	-1	7
1	12	14	5	6	5
1	12	6	5	11	5
1	12	11	5	8	5
1	12	8	5	15	5
1	12	15	5	18	7
1	12	18	7	8	5
1	12	8	5	15	8
1	12	15	8	8	5
1	12	8	5	14	5
1	12	14	5	6	7
1	12	6	7	5	4
1	12	5	4	14	4
1	13	14	4	3	4
1	13	3	4	16	4
1	13	16	4	5	4
1	13	5	4	8	5
1	13	8	5	16	4
1	13	16	4	14	5
1	13	14	5	15	8
1	13	8	8	6	9
1	13	6	9	8	8
1	13	8	8	14	7
1	13	14	7	6	8
1	14	6	8	5	9
1	14	5	9	0	9
1	14	1	1	16	4
1	14	16	4	14	5
1	14	14	5	15	5
1	14	15	5	3	5
1	15	3	5	14	5
1	15	14	5	15	8
1	15	15	8	3	5
1	15	3	5	8	5
1	15	8	5	6	7
1	15	6	7	14	5
1	15	14	5	14	7
1	15	14	7	8	7
1	15	8	7	-1	7
1	16	1	1	5	3
1	16	5	3	5	1
1	16	5	1	16	4
1	16	16	4	8	4
1	16	8	4	14	5
1	17	14	5	-1	5
1	17	3	1	18	4
1	17	18	4	-1	4
1	18	6	2	15	2
1	18	15	2	14	4
1	18	14	4	11	3
1	18	11	3	5	4
1	18	5	4	16	4
1	18	16	4	3	4
1	18	3	4	7	8
1	18	7	8	-1	7
1	19	5	4	11	3
1	19	11	3	14	4
1	19	14	4	16	4
1	19	16	4	16	5
1	19	16	5	18	5
1	19	18	5	14	5
1	19	14	5	16	5
1	19	16	5	5	4
1	19	5	4	11	3
1	19	11	3	11	5
1	19	11	5	6	6
1	19	6	6	11	5
1	19	11	5	14	5
1	19	14	5	15	8
1	19	15	8	0	9
1	20	3	4	18	8
1	20	18	8	14	5
1	20	14	5	8	5
1	20	8	5	11	5
1	20	11	5	6	6
1	20	6	6	11	5
1	20	11	5	8	5
1	20	8	5	3	5
1	20	3	5	3	7
1	20	3	7	7	7
1	20	7	7	18	7
1	20	18	7	-1	7
1	21	16	7	8	7
1	21	8	7	16	7
1	21	16	7	14	8
1	21	14	8	-1	8
1	21	5	5	3	5
1	21	3	5	5	4
1	21	5	4	14	5
1	21	14	5	8	5
1	21	8	5	16	5
1	21	16	5	3	5
1	21	3	5	15	8
1	21	15	8	3	5
1	22	3	5	11	6
1	22	11	6	8	6
1	22	8	6	6	6
1	22	6	6	11	6
1	22	11	6	8	6
1	22	8	6	6	6
1	22	6	6	0	9
1	22	8	6	6	6
1	22	6	6	14	7
1	22	14	7	-1	9
1	22	16	4	1	4
1	22	1	4	-1	5
1	23	16	5	18	5
1	23	18	5	8	7
1	23	8	7	-1	7
1	23	5	1	1	1
1	23	1	1	-1	5
1	23	8	5	16	5
1	23	16	5	8	5
1	23	8	5	6	5
1	23	6	5	8	5
1	23	8	5	18	7
1	23	18	7	-1	7
1	24	16	5	14	5
1	24	14	5	8	7
1	24	8	7	6	6
1	24	6	6	14	7
1	24	14	7	-1	6
1	25	5	4	16	4
1	25	16	4	8	5
1	25	8	5	18	8
1	25	18	8	18	7
1	25	18	7	7	9
1	25	7	9	0	9
1	25	11	3	14	5
1	25	14	5	5	4
1	25	5	4	3	4
1	25	3	4	8	5
1	25	8	5	6	7
1	25	6	7	15	8
1	25	15	8	-1	8
1	25	8	5	6	8
1	25	6	8	6	7
1	25	6	7	15	8
1	25	15	8	18	1
1	25	18	1	0	9
1	26	6	5	15	5
1	27	15	5	6	5
1	27	6	5	15	8
1	27	15	8	14	5
1	27	14	5	16	7
1	27	16	7	6	7
1	27	6	7	11	3
1	27	11	3	8	7
1	27	8	7	14	5
1	27	14	5	15	8
1	27	15	8	16	7
1	27	16	7	6	7
1	27	6	7	15	8
1	27	15	8	16	9
1	27	16	9	-1	9
1	29	8	5	-1	7
1	29	8	4	16	4
1	29	16	4	8	4
1	29	8	4	8	5
1	29	8	5	15	5
1	30	15	5	3	4
1	30	3	4	16	4
1	30	16	4	16	5
1	30	16	5	18	5
1	30	18	5	11	5
1	30	11	5	18	5
1	30	18	5	6	5
1	30	6	5	14	5
1	30	14	5	18	8
1	30	18	8	8	7
1	30	8	7	14	7
1	30	14	7	0	9
1	30	3	4	-1	5
1	31	6	5	14	5
1	31	14	5	7	7
1	31	7	7	-1	7
1	31	7	7	8	7
1	31	8	7	-1	7
1	32	0	0	-2	1
1	32	6	1	7	3
1	33	14	5	18	5
1	33	18	5	8	5
1	33	8	5	-1	7
1	34	0	0	-2	1
1	35	0	0	-2	1
1	35	1	1	18	4
1	35	18	4	8	4
1	35	8	4	11	3
1	35	11	3	11	5
1	35	11	5	6	6
1	35	6	6	-1	7
1	35	16	3	6	7
1	35	6	7	-1	7
1	35	8	7	14	7
1	35	14	7	18	7
1	35	18	7	6	6
1	35	6	6	18	7
1	35	18	7	-1	9
1	36	14	5	18	5
1	36	18	5	-1	5
1	37	3	4	3	5
1	37	3	5	6	8
1	37	6	8	8	7
1	37	8	7	11	6
1	37	11	6	14	7
1	37	14	7	6	7
1	37	6	7	11	6
1	37	11	6	18	7
1	37	18	7	18	6
1	37	18	6	14	6
1	37	14	6	14	7
1	37	14	7	-1	6
1	38	3	4	15	4
1	38	15	4	1	1
1	38	1	1	-1	7
1	38	16	5	6	5
1	38	6	5	-1	5
1	39	11	1	7	5
1	39	8	5	7	5
1	39	7	5	15	5
1	39	15	5	3	4
1	39	3	4	5	4
1	39	5	4	3	4
1	39	3	4	18	5
1	39	18	5	16	4
1	39	16	4	8	5
1	39	8	5	8	4
1	39	8	4	8	5
1	39	8	5	-1	6
1	40	15	2	3	2
1	40	3	2	14	4
1	40	14	4	15	2
1	40	15	2	6	2
1	40	6	2	7	5
1	40	7	5	-1	5
1	41	3	4	16	4
1	41	16	4	11	3
1	41	11	3	8	4
1	41	8	4	16	4
1	41	16	4	8	5
1	41	8	5	3	5
1	41	3	5	3	7
1	41	3	7	11	6
1	41	11	6	-1	9
1	41	11	6	18	6
1	41	18	6	11	6
1	41	11	6	-1	9
1	42	15	7	6	8
1	42	8	8	18	7
1	42	18	7	-1	9
1	42	8	8	14	7
1	42	14	7	6	7
1	43	6	7	14	7
1	43	14	7	5	7
1	43	5	7	1	4
1	43	1	4	11	5
1	43	11	5	16	4
1	43	16	4	15	5
1	43	15	5	3	4
1	43	3	4	5	4
1	43	5	4	14	5
1	43	14	5	15	8
1	43	15	8	8	8
1	43	8	8	14	7
1	43	14	7	18	7
1	43	18	7	8	7
1	43	8	7	14	7
1	43	14	7	15	8
1	43	15	8	-1	9
1	45	14	6	7	6
1	45	7	6	8	7
1	45	8	7	18	7
1	45	18	7	18	9
1	45	18	9	0	9
1	45	8	8	11	9
1	45	11	9	18	7
1	45	18	7	0	9
1	45	16	5	15	7
1	45	15	7	-1	9
1	46	0	0	-2	1
1	46	5	1	8	4
1	46	8	4	6	5
1	46	6	5	8	5
1	46	8	5	8	7
1	46	8	7	18	7
1	46	18	7	11	6
1	46	11	6	-1	9
1	46	8	7	18	7
1	46	18	7	0	9
2	1	8	5	7	5
2	1	7	5	18	8
2	1	18	8	15	8
2	1	15	8	14	7
2	1	14	7	16	7
2	1	16	7	11	7
2	1	11	7	5	5
2	1	5	5	3	5
2	1	3	5	6	6
2	1	6	6	-1	6
2	1	18	5	15	5
2	1	15	5	18	8
2	1	18	8	-1	9
2	2	0	0	-2	1
2	2	6	4	7	5
2	2	7	5	6	5
2	2	6	5	-1	5
2	3	14	4	18	8
2	3	18	8	18	9
2	3	18	9	14	7
2	3	14	7	0	9
2	4	11	3	1	1
2	4	1	1	3	4
2	4	3	4	16	4
2	4	16	4	8	5
2	4	8	5	14	5
2	4	14	5	7	7
2	4	7	7	18	7
2	4	18	7	15	8
2	5	15	8	8	7
2	5	8	7	16	5
2	5	16	5	8	7
2	5	8	7	18	7
2	5	18	7	15	9
2	5	15	9	8	7
2	5	8	7	14	7
2	5	14	7	0	9
2	5	16	5	6	5
2	5	6	5	11	4
2	6	11	4	5	4
2	6	5	4	3	4
2	6	3	4	3	5
2	6	3	5	6	6
2	6	6	6	-1	6
2	6	6	5	16	5
2	6	16	5	8	5
2	6	8	5	18	7
2	6	18	7	-1	7
2	6	16	5	5	4
2	6	5	4	16	5
2	6	16	5	8	5
2	6	8	5	5	4
2	6	5	4	8	4
2	6	8	4	8	5
2	6	8	5	11	6
2	6	11	6	14	6
2	6	14	6	11	6
2	6	11	6	8	7
2	7	8	7	15	8
2	7	15	8	18	7
2	7	18	7	16	7
2	7	16	7	14	7
2	7	14	7	-1	8
2	8	16	8	-1	8
2	8	3	5	14	5
2	8	14	5	-1	7
2	8	16	5	14	5
2	8	14	5	11	5
2	8	11	5	-1	5
2	8	6	5	11	6
2	8	11	6	6	6
2	8	6	6	-1	6
2	9	14	5	16	5
2	9	16	5	14	5
2	9	14	5	7	7
2	9	7	7	-1	7
2	9	3	2	16	2
2	9	16	2	15	2
2	9	15	2	-1	2
2	10	15	2	18	2
2	10	18	2	6	4
2	10	6	4	6	5
2	10	6	5	11	5
2	10	11	5	8	5
2	10	8	5	18	7
2	10	18	7	6	7
2	10	6	7	8	7
2	10	8	7	7	7
2	10	7	7	0	9
2	11	3	5	-1	6
2	11	7	5	-1	6
2	12	8	5	16	4
2	12	16	4	5	4
2	12	5	4	3	4
2	12	3	4	8	5
2	12	8	5	3	5
2	12	3	5	1	1
2	12	1	1	5	4
2	12	5	4	3	4
2	12	3	4	14	5
2	12	14	5	3	4
2	13	3	4	15	5
2	13	15	5	3	4
2	13	3	4	14	5
2	13	14	5	7	7
2	13	7	7	14	5
2	13	14	5	15	7
2	13	15	7	8	7
2	13	8	7	7	7
2	13	7	7	8	7
2	13	8	7	11	6
2	13	11	6	6	6
2	13	6	6	11	6
2	13	11	6	14	9
2	13	14	9	18	7
2	13	18	7	0	9
2	13	18	9	14	9
2	13	14	9	6	9
2	13	6	9	0	9
2	13	14	7	15	8
2	13	15	8	15	9
2	14	15	9	16	7
2	14	16	7	8	7
2	14	8	7	14	7
2	14	14	7	8	7
2	14	8	7	18	7
2	14	18	7	0	9
2	14	16	3	6	4
2	15	6	4	14	4
2	15	14	4	14	5
2	15	14	5	6	5
2	15	6	5	7	6
2	15	7	6	7	7
2	15	7	7	-1	7
2	15	0	0	-2	1
2	16	0	0	-2	1
2	16	1	1	3	2
2	16	3	2	5	3
2	16	5	3	-1	5
2	16	6	5	14	5
2	16	14	5	16	5
2	16	16	5	8	5
2	16	8	5	8	7
2	16	8	7	18	7
2	16	18	7	8	7
2	16	8	7	-1	9
2	17	11	7	-1	7
2	17	18	7	15	8
2	17	18	8	15	8
2	17	15	8	16	8
2	18	16	8	8	7
2	18	8	7	3	5
2	18	3	5	18	7
2	18	18	7	16	7
2	18	16	7	14	7
2	18	14	7	8	7
2	18	8	7	11	6
2	18	11	6	6	6
2	18	6	6	14	7
2	18	14	7	0	9
2	19	16	5	14	7
2	19	14	7	-1	9
2	19	16	5	8	5
2	19	8	5	14	5
2	19	14	5	11	5
2	19	11	5	1	1
2	19	1	1	14	4
2	20	14	4	3	5
2	20	3	5	7	7
2	20	7	7	18	5
2	20	18	5	3	5
2	20	3	5	18	7
2	20	18	7	8	7
2	20	8	7	7	8
2	20	7	8	8	9
2	20	8	9	14	7
2	20	14	7	6	7
2	20	6	7	-1	9
2	21	16	4	3	4
2	21	3	4	18	5
2	21	18	5	8	5
2	21	8	5	6	5
2	21	6	5	6	6
2	21	6	6	14	7
2	21	14	7	8	7
2	21	8	7	-1	7
2	21	16	5	11	5
2	21	11	5	6	7
2	21	6	7	7	7
2	21	7	7	-1	7
2	22	15	2	8	5
2	22	8	5	7	8
2	22	7	8	-1	7
2	22	16	2	18	5
2	22	18	5	8	5
2	22	8	5	6	7
2	22	6	7	8	7
2	22	8	7	6	7
2	22	6	7	14	5
2	22	14	5	8	7
2	22	8	7	11	6
2	22	11	6	-1	9
2	22	16	5	3	5
2	23	3	5	14	7
2	23	14	7	18	7
2	23	18	7	7	8
2	23	7	8	7	9
2	23	7	9	0	9
2	23	5	5	6	7
2	23	6	7	11	6
2	23	11	6	6	6
2	23	11	6	14	5
2	23	14	5	8	5
2	23	8	5	3	5
2	23	3	5	-1	7
2	24	0	0	-2	1
2	26	0	0	-2	1
2	27	6	4	6	5
2	27	6	5	-1	5
2	27	1	1	8	5
2	27	8	5	16	4
2	27	16	4	8	5
2	27	8	5	18	5
2	27	18	5	8	5
2	27	8	5	14	5
2	27	14	5	11	5
2	27	11	5	6	6
2	27	14	6	18	7
2	27	18	7	7	7
2	27	7	7	15	7
2	27	15	7	18	7
2	28	18	7	6	6
2	28	8	6	5	9
2	28	5	9	-3	9
2	29	1	1	3	1
2	29	3	1	3	4
2	30	3	4	-1	7
2	30	3	4	-1	7
2	31	1	1	8	4
2	31	8	4	18	4
2	31	18	4	7	6
2	31	7	6	-1	6
2	32	11	5	-1	9
2	32	0	0	-2	1
2	33	18	5	15	4
2	33	15	4	8	5
2	33	8	5	16	5
2	33	16	5	18	5
2	33	18	5	-1	5
2	34	11	4	7	5
2	34	7	5	7	7
2	34	7	7	-1	7
2	37	0	0	-2	1
2	37	11	3	8	4
2	37	8	4	18	5
2	37	18	5	18	7
2	37	18	7	18	9
2	37	18	9	0	9
2	37	18	9	-1	9
2	40	0	0	-2	1
2	41	8	4	-1	8
2	41	21	5	15	5
2	41	15	5	8	5
2	41	8	5	6	5
2	41	6	5	11	5
2	41	11	5	1	4
2	41	1	4	-1	7
2	42	14	4	8	4
2	42	8	4	9	7
2	42	9	7	-1	7
2	43	11	6	6	6
2	43	6	6	11	6
2	43	11	6	-1	6
2	43	3	4	8	5
2	43	8	5	6	5
2	44	6	5	9	7
2	44	9	7	9	9
2	44	9	9	0	9
2	44	8	6	6	6
2	44	6	6	14	6
2	44	14	6	8	7
2	44	8	7	16	5
2	44	16	5	8	7
2	44	8	7	21	9
2	44	21	9	21	6
2	44	21	6	6	6
2	44	6	6	8	7
2	44	8	7	21	9
2	45	21	9	6	9
2	45	6	9	0	9
2	45	6	6	8	6
2	45	8	6	6	6
2	45	6	6	-1	6
2	45	21	9	0	9
2	46	8	6	6	6
2	46	6	6	21	6
2	46	21	6	8	9
2	46	8	9	-1	9
2	46	11	4	6	5
2	47	1	1	-1	7
2	47	3	4	21	4
2	47	21	4	-1	4
2	48	6	4	5	4
2	48	5	4	-1	5
2	48	5	4	8	4
2	48	8	4	6	4
2	48	6	4	11	3
2	48	11	3	-1	7
2	48	15	1	15	2
