Half	Min	Passer	Pos	Rec	Region
1	1	1	1	-1	5
1	1	3	5	14	5
1	1	14	5	16	5
1	2	16	5	-1	5
1	2	16	5	8	5
1	2	8	5	5	4
1	2	5	4	11	5
1	2	11	5	6	5
1	2	6	5	-1	5
1	2	11	5	6	5
1	2	6	5	6	7
1	2	6	7	18	7
1	2	18	7	-1	7
1	2	6	7	8	7
1	2	8	7	16	7
1	2	16	7	-1	7
1	2	16	7	8	5
1	2	8	5	18	7
1	2	18	7	14	8
1	2	14	8	15	8
1	3	15	8	18	8
1	3	18	8	15	8
1	3	15	8	-1	9
1	3	3	5	14	7
1	3	14	7	-1	7
1	3	3	5	-1	5
1	3	16	5	3	5
1	3	3	5	18	5
1	3	18	5	3	5
1	3	3	5	5	4
1	3	5	4	14	5
1	3	14	5	18	7
1	3	18	7	-1	9
1	4	15	5	14	5
1	4	14	5	15	8
1	4	15	8	-1	7
1	4	15	8	8	8
1	4	8	8	15	8
1	4	15	8	-1	7
1	5	8	8	15	9
1	5	15	9	3	9
1	5	3	9	-1	9
1	5	11	6	6	6
1	5	6	6	16	6
1	5	16	6	14	5
1	5	14	5	3	5
1	5	3	5	8	5
1	5	8	5	15	5
1	5	15	5	16	5
1	6	16	5	14	5
1	6	14	5	8	7
1	6	8	7	8	8
1	6	8	8	-1	9
1	6	15	5	5	4
1	6	5	4	1	1
1	7	1	1	-1	6
1	7	11	5	6	5
1	7	6	5	-1	5
1	7	11	5	18	6
1	7	18	6	-1	6
1	7	5	3	-1	3
1	7	8	3	14	3
1	7	14	3	16	4
1	8	16	4	-1	4
1	8	1	1	15	5
1	8	15	5	-1	5
1	8	16	2	14	4
1	8	14	4	6	5
1	8	6	5	-1	5
1	9	15	3	6	5
1	9	6	5	16	5
1	9	16	5	18	5
1	9	18	5	11	5
1	9	11	5	11	7
1	9	11	7	-1	7
1	9	14	7	8	7
1	9	8	7	-1	9
1	10	15	2	5	4
1	10	5	4	-1	5
1	10	5	4	-1	5
1	10	11	3	-1	5
1	10	11	5	7	7
1	10	7	7	8	5
1	10	8	5	14	5
1	10	14	5	3	4
1	11	3	4	6	5
1	11	6	5	-1	5
1	11	15	5	8	5
1	11	8	5	5	4
1	11	5	4	5	5
1	11	5	5	18	5
1	11	18	5	7	7
1	11	7	7	6	7
1	11	6	7	15	7
1	11	15	7	15	9
1	11	15	9	-1	9
1	12	8	8	6	9
1	12	6	9	8	8
1	12	8	8	14	8
1	12	14	8	7	9
1	12	7	9	0	9
1	13	1	1	-1	7
1	13	11	3	11	5
1	13	11	5	8	5
1	13	8	5	18	5
1	13	18	5	14	4
1	13	14	4	8	5
1	13	8	5	3	4
1	13	3	4	16	4
1	13	16	4	8	4
1	13	8	4	18	5
1	13	18	5	6	5
1	13	6	5	8	5
1	13	8	5	11	5
1	13	11	5	5	3
1	13	5	3	8	5
1	14	8	5	16	4
1	14	16	4	5	4
1	14	5	4	-1	6
1	14	5	3	14	3
1	14	14	3	3	2
1	14	3	2	15	5
1	14	15	5	14	5
1	14	14	5	3	4
1	14	3	4	1	1
1	14	1	1	-1	7
1	15	3	4	16	4
1	15	16	4	5	4
1	15	5	4	11	4
1	15	11	4	-1	3
1	16	16	3	-1	6
1	16	11	3	-1	3
1	18	1	1	-1	5
1	18	15	4	11	4
1	18	11	4	-1	4
1	18	6	4	11	4
1	18	11	4	5	4
1	18	5	4	-1	6
1	19	15	2	-1	5
1	20	3	3	-1	3
1	20	16	4	14	4
1	20	14	4	5	4
1	20	5	4	-1	5
1	21	15	1	-1	2
1	21	14	1	6	4
1	21	6	4	-1	4
1	22	1	1	5	4
1	22	5	4	11	3
1	22	11	3	-1	5
1	22	5	3	11	3
1	22	11	3	6	5
1	22	6	5	-1	5
1	23	5	4	3	4
1	23	3	4	6	6
1	23	6	6	-1	7
1	23	15	2	-1	2
1	24	1	1	-1	7
1	25	1	1	-1	7
1	25	5	3	14	3
1	25	14	3	5	3
1	25	5	3	-1	3
1	25	11	5	8	5
1	25	8	5	11	5
1	25	11	5	8	5
1	25	8	5	5	4
1	25	5	4	8	5
1	25	8	5	3	5
1	25	3	5	3	8
1	25	3	8	18	7
1	26	18	7	3	5
1	26	3	5	14	5
1	26	14	5	16	5
1	26	16	5	-1	5
1	26	16	5	14	5
1	26	14	5	16	5
1	26	16	5	5	4
1	26	5	4	16	5
1	26	16	5	-1	7
1	26	8	5	18	8
1	26	18	8	-1	7
1	26	15	7	-1	7
1	27	15	5	-1	5
1	27	11	5	14	5
1	27	14	5	11	5
1	27	11	5	6	5
1	27	6	5	18	5
1	27	18	5	-1	5
1	28	15	2	14	4
1	28	14	4	16	4
1	28	16	4	15	2
1	28	15	2	7	7
1	28	7	7	-1	7
1	28	8	7	14	7
1	28	14	7	-1	7
1	30	8	7	16	7
1	30	16	7	8	7
1	30	8	7	16	5
1	30	16	5	8	7
1	30	8	7	5	5
1	30	5	5	3	5
1	30	3	5	16	5
1	30	16	5	14	5
1	30	14	5	8	5
1	30	8	5	5	5
1	30	5	5	18	6
1	30	18	6	18	7
1	30	18	7	-1	9
1	31	15	4	-1	2
1	31	14	4	16	4
1	31	16	4	8	4
1	31	8	4	7	5
1	31	7	5	7	8
1	31	7	8	6	7
1	31	6	7	18	6
1	31	18	6	-1	6
1	32	11	3	15	8
1	32	15	8	-1	8
1	32	15	5	8	5
1	32	8	5	15	8
1	32	15	8	5	5
1	32	5	5	3	5
1	32	3	5	5	4
1	32	5	4	8	5
1	32	8	5	3	5
1	32	3	5	11	5
1	32	11	5	16	5
1	32	16	5	3	5
1	32	3	5	6	5
1	32	6	5	11	5
1	32	11	5	14	5
1	32	14	5	6	7
1	32	6	7	7	7
1	32	7	7	-1	7
1	33	11	5	-1	5
1	33	1	1	-1	6
1	34	1	1	3	1
1	34	3	1	3	4
1	34	3	4	16	4
1	34	16	4	8	4
1	34	8	4	3	4
1	34	3	4	-1	5
1	35	11	4	16	3
1	35	16	3	7	5
1	35	7	5	-1	5
1	35	5	3	11	3
1	35	11	3	5	3
1	35	5	3	1	1
1	35	1	1	5	4
1	35	5	4	8	4
1	35	8	4	5	4
1	35	5	4	8	4
1	36	8	4	11	5
1	36	11	5	8	4
1	36	8	4	16	3
1	36	16	3	11	3
1	36	11	3	1	1
1	36	1	1	-1	7
1	36	16	4	-1	5
1	36	11	3	-1	3
1	36	11	3	6	3
1	36	6	3	11	3
1	36	11	3	-1	5
1	37	5	1	-1	3
1	37	16	3	-1	3
1	38	1	1	-1	5
1	38	14	5	8	5
1	38	8	5	14	5
1	38	14	5	18	5
1	38	18	5	0	9
1	38	3	4	18	5
1	39	18	5	16	5
1	39	16	5	18	5
1	39	18	5	-1	5
1	39	14	5	6	5
1	39	6	5	18	8
1	39	18	8	7	8
1	39	7	8	15	7
1	39	15	7	14	7
1	39	14	7	16	5
1	39	16	5	6	5
1	39	6	5	8	7
1	39	8	7	5	5
1	39	5	5	5	7
1	39	5	7	5	6
1	39	5	6	11	6
1	39	11	6	8	6
1	39	8	6	-1	6
1	40	8	7	-1	9
1	40	16	5	14	5
1	40	14	5	-1	9
1	41	15	4	18	5
1	41	18	5	-1	5
1	41	8	5	16	5
1	41	16	5	8	5
1	41	8	5	16	4
1	41	16	4	14	4
1	41	14	4	3	5
1	41	3	5	-1	7
1	41	14	4	-1	7
1	42	14	4	5	4
1	42	5	4	1	1
1	42	1	1	3	4
1	42	3	4	16	4
1	42	16	4	8	5
1	42	8	5	18	7
1	42	18	7	11	6
1	42	11	6	14	6
1	42	14	6	-1	7
1	42	16	7	-1	7
1	43	14	7	0	9
1	44	11	3	14	3
1	44	14	3	-1	3
1	44	6	3	7	5
1	44	7	5	18	5
1	44	18	5	-1	5
1	45	6	2	-1	2
1	45	16	4	15	4
1	45	15	4	8	4
1	45	8	4	15	4
1	45	15	4	8	4
1	45	8	4	18	7
1	45	18	7	-1	7
1	45	16	5	14	5
1	45	14	5	-1	5
1	45	16	5	-1	5
1	46	5	1	-1	4
1	46	5	1	-1	4
1	46	1	1	-1	1
1	47	16	1	-1	4
1	47	14	1	6	3
1	47	6	3	-1	3
1	47	1	1	-1	7
1	47	14	5	15	5
1	47	15	5	8	5
1	47	8	5	-1	5
1	47	18	5	-1	5
2	1	7	5	18	5
2	1	18	5	-1	8
2	1	5	4	6	4
2	1	6	4	8	4
2	1	8	4	11	3
2	1	11	3	14	5
2	1	14	5	-1	7
2	1	1	1	5	3
2	1	5	3	11	3
2	1	11	3	6	5
2	2	6	5	11	5
2	2	11	5	6	7
2	2	8	7	-1	7
2	2	3	4	15	2
2	2	15	2	16	5
2	2	16	5	5	4
2	2	5	4	16	5
2	2	16	5	15	2
2	2	15	2	7	7
2	2	7	7	18	8
2	2	18	8	6	7
2	2	6	7	-1	7
2	2	16	7	7	8
2	2	7	8	0	8
2	3	8	8	5	9
2	3	5	9	11	9
2	4	15	5	14	7
2	4	14	7	6	7
2	4	6	7	14	6
2	4	14	6	6	7
2	4	6	7	14	9
2	4	14	9	-1	9
2	5	0	0	-2	1
2	5	1	1	-1	5
2	5	15	5	18	5
2	5	18	5	3	2
2	5	3	2	8	5
2	5	8	5	11	3
2	5	11	3	8	5
2	5	8	5	16	5
2	5	16	5	3	5
2	6	3	5	7	8
2	6	7	8	-1	8
2	6	3	5	15	5
2	6	15	5	5	4
2	6	5	4	1	1
2	6	1	1	5	4
2	6	5	4	-1	3
2	6	14	3	-1	3
2	7	0	0	-2	1
2	7	1	1	15	2
2	7	15	2	3	4
2	7	3	4	5	4
2	7	5	4	3	4
2	7	3	4	3	5
2	7	3	5	16	5
2	7	16	5	5	4
2	7	5	4	8	5
2	7	8	5	3	5
2	7	3	5	7	8
2	7	7	8	-1	9
2	8	6	5	-1	5
2	8	15	2	8	5
2	8	8	5	18	5
2	8	18	5	16	5
2	8	16	5	6	5
2	8	6	5	14	5
2	8	14	5	8	5
2	8	8	5	15	5
2	9	15	5	7	8
2	9	7	8	8	7
2	10	8	7	0	9
2	11	15	4	15	5
2	11	15	5	7	6
2	11	7	6	8	7
2	11	8	7	14	5
2	11	14	5	-1	6
2	13	11	3	14	3
2	13	14	3	8	5
2	13	8	5	11	3
2	13	11	3	-1	5
2	14	1	1	15	2
2	14	15	2	8	5
2	14	8	5	6	6
2	14	6	6	8	5
2	14	8	5	16	5
2	14	16	5	14	5
2	14	14	5	8	5
2	14	8	5	7	7
2	14	8	7	6	7
2	14	6	7	11	6
2	14	11	6	-1	9
2	15	6	6	-1	6
2	16	0	0	-2	1
2	17	1	1	-1	7
2	17	0	0	-2	1
2	18	1	1	15	5
2	18	15	5	-1	8
2	19	5	4	1	1
2	19	1	1	-1	9
2	19	15	5	15	8
2	20	15	8	22	8
2	20	22	8	15	8
2	20	15	8	22	8
2	20	22	8	15	8
2	20	15	8	14	7
2	20	14	7	3	5
2	20	3	5	11	6
2	20	11	6	8	5
2	20	8	5	3	5
2	20	3	5	22	8
2	21	22	8	-1	8
2	21	14	8	6	8
2	21	6	8	6	9
2	21	6	9	8	9
2	21	8	9	-1	9
2	21	16	4	7	5
2	22	7	5	-1	5
2	23	1	4	-1	7
2	23	14	5	6	5
2	23	6	5	16	5
2	23	16	5	14	5
2	23	14	5	11	3
2	23	11	3	6	5
2	23	6	5	16	5
2	23	16	5	8	5
2	23	8	5	-1	5
2	23	5	4	3	4
2	23	3	4	3	5
2	23	3	5	-1	7
2	24	5	1	3	3
2	24	3	3	7	5
2	24	7	5	-1	5
2	24	5	4	15	2
2	24	15	2	8	5
2	24	8	5	6	5
2	24	6	5	8	5
2	24	8	5	22	8
2	24	22	8	22	9
2	24	22	9	7	9
2	24	7	9	0	9
2	25	8	6	-1	9
2	25	14	5	11	7
2	25	11	7	0	9
2	26	11	5	5	5
2	26	5	5	8	5
2	26	8	5	16	5
2	26	16	5	8	5
2	26	8	5	14	5
2	26	14	5	15	5
2	26	15	5	-1	7
2	27	15	2	22	5
2	27	15	5	8	5
2	27	8	5	14	5
2	27	14	5	6	7
2	27	6	7	8	5
2	27	8	5	7	7
2	27	7	7	8	7
2	27	8	7	-1	7
2	27	15	5	16	5
2	27	16	5	14	5
2	27	14	5	7	7
2	27	7	7	-1	7
2	28	11	6	6	6
2	28	6	6	11	6
2	28	11	6	-1	6
2	28	5	5	8	5
2	28	8	5	6	7
2	29	7	7	0	9
2	30	15	2	15	5
2	30	14	5	6	7
2	30	6	7	22	8
2	31	22	8	14	9
2	31	14	9	22	8
2	31	22	8	7	9
2	31	7	9	0	9
2	31	16	5	14	5
2	31	14	5	-1	5
2	31	14	5	8	5
2	32	8	5	8	7
2	32	8	7	7	6
2	32	7	6	8	7
2	32	8	7	7	7
2	32	7	7	8	7
2	32	8	7	7	9
2	32	7	9	0	9
2	32	8	6	15	9
2	32	15	9	0	9
2	33	6	5	11	5
2	33	11	5	6	5
2	33	6	5	-1	5
2	33	16	5	8	5
2	34	8	5	8	7
2	34	8	7	22	8
2	35	8	8	-1	9
2	35	22	7	6	7
2	35	6	7	8	8
2	35	8	8	-1	6
2	36	11	6	8	7
2	36	8	7	6	7
2	36	6	7	-1	7
2	36	11	5	-1	7
2	36	14	7	14	6
2	36	14	6	6	6
2	36	6	6	6	9
2	36	6	9	-1	9
2	37	11	6	6	6
2	37	8	6	-1	9
2	37	14	7	6	7
2	37	6	7	-1	9
2	38	11	5	6	5
2	38	14	5	8	5
2	38	8	5	3	5
2	38	3	5	16	5
2	38	16	5	15	8
2	38	15	8	22	7
2	38	22	7	15	7
2	38	15	7	-1	7
2	38	0	0	-2	1
2	38	1	1	11	3
2	38	11	3	16	5
2	38	16	5	-1	5
2	39	3	1	-1	4
2	39	6	3	-1	3
2	40	15	2	16	5
2	40	16	5	15	4
2	40	15	4	15	5
2	40	15	5	16	5
2	40	16	5	6	5
2	40	6	5	-1	8
2	41	15	2	16	2
2	41	16	2	-1	2
2	41	15	2	8	4
2	41	8	4	3	4
2	41	3	4	22	5
2	41	22	5	-1	5
2	42	15	2	7	5
2	43	6	5	10	5
2	43	10	5	5	4
2	43	5	4	3	4
2	43	3	4	10	5
2	43	10	5	8	5
2	43	8	5	10	5
2	43	10	5	8	5
2	43	8	5	15	5
2	43	15	5	6	5
2	43	6	5	15	5
2	43	15	5	11	5
2	43	11	5	5	4
2	43	5	4	16	5
2	43	16	5	15	5
2	43	15	5	16	5
2	43	16	5	10	5
2	43	10	5	8	5
2	44	8	5	16	5
2	44	16	5	8	5
2	44	8	5	6	5
2	44	6	5	6	7
2	44	6	7	11	6
2	44	11	6	-1	9
2	44	11	3	16	3
2	44	16	3	6	3
2	44	6	3	-1	3
2	45	5	4	16	4
2	45	16	4	3	2
2	45	3	2	3	5
2	45	3	5	8	5
2	45	8	5	3	5
2	45	3	5	8	5
2	45	8	5	22	8
2	45	22	8	15	8
2	45	15	8	-1	9
2	45	16	5	5	5
2	45	5	5	11	5
2	45	11	5	8	5
2	45	8	5	10	5
2	45	10	5	10	7
2	45	10	7	-1	7
2	46	11	5	16	5
2	46	16	5	3	5
2	46	3	5	22	5
2	46	22	5	22	8
2	46	22	8	-1	9
2	46	6	7	-1	7
2	47	11	3	10	4
2	47	10	4	11	3
2	47	11	3	16	3
2	47	16	3	10	4
2	47	10	4	3	5
2	47	3	5	10	5
2	47	10	5	8	7
2	47	8	7	-1	7
2	47	16	5	3	5
2	47	3	5	8	5
2	47	8	5	16	5
2	48	16	5	8	5
2	48	8	5	16	5
2	48	16	5	11	5
2	48	11	5	16	5
2	48	16	5	22	7
2	48	10	5	6	7
2	48	6	7	10	7
2	48	10	7	8	7
2	48	8	7	-1	7
2	48	0	0	-2	1
3	1	8	5	7	5
3	1	7	5	16	5
3	1	16	5	10	5
3	1	10	5	11	5
3	1	11	5	10	5
3	1	10	5	5	4
3	1	5	4	10	5
3	1	10	5	8	5
3	1	8	5	7	9
3	1	7	9	-1	9
3	1	10	7	8	7
3	1	8	7	-1	7
3	1	5	3	11	3
3	1	11	3	16	3
3	1	16	3	10	4
3	1	10	4	8	5
3	1	8	5	15	5
3	1	15	5	22	8
3	2	22	8	-1	8
3	2	15	8	8	7
3	2	8	7	6	8
3	2	6	8	8	7
3	2	8	7	10	7
3	2	10	7	6	7
3	2	6	7	10	7
3	2	10	7	10	9
3	2	10	9	-1	9
3	3	8	8	-1	9
3	3	5	9	0	9
3	4	15	5	22	5
3	4	22	5	15	5
3	4	15	5	16	5
3	4	16	5	22	5
3	4	22	5	1	1
3	4	1	1	3	4
3	4	3	4	10	5
3	4	10	5	3	4
3	4	3	4	5	4
3	4	5	4	8	5
3	4	8	5	11	5
3	4	11	5	8	5
3	4	8	5	3	5
3	4	3	5	5	5
3	4	5	5	-1	7
3	4	22	5	6	7
3	4	6	7	-1	9
3	5	1	1	16	5
3	5	16	5	-1	5
3	5	6	5	10	7
3	5	10	7	10	9
3	5	10	9	0	9
3	6	1	1	3	4
3	6	0	0	-2	1
3	6	15	2	15	5
3	6	15	5	-1	5
3	7	0	0	-2	1
3	7	1	1	5	4
3	7	5	4	8	5
3	7	8	5	10	5
3	7	10	5	16	5
3	7	16	5	11	5
3	7	11	5	16	5
3	7	16	5	3	5
3	7	3	5	8	5
3	7	8	5	15	5
3	7	15	5	22	8
3	7	22	8	8	7
3	7	8	7	6	7
3	7	6	7	11	6
3	7	11	6	0	9
3	8	8	8	5	9
3	8	5	9	-1	9
3	8	11	5	10	5
3	8	10	5	15	5
3	8	15	5	16	5
3	9	16	5	11	5
3	9	11	5	16	5
3	9	16	5	5	5
3	9	5	5	10	5
3	9	10	5	10	7
3	9	10	7	6	7
3	9	6	7	6	9
3	9	6	9	-1	9
3	10	10	5	-1	5
3	10	16	3	8	4
3	10	8	4	10	4
3	10	10	4	8	4
3	10	8	4	11	3
3	10	11	3	-1	7
3	11	1	1	10	5
3	11	10	5	7	7
3	11	7	7	22	7
3	11	22	7	22	9
3	11	22	9	0	9
3	11	8	8	-1	6
3	12	3	4	5	5
3	12	5	5	11	5
3	12	11	5	-1	7
3	12	6	5	5	4
3	12	10	5	16	4
3	12	16	4	6	5
3	12	6	5	16	4
3	12	16	4	8	5
3	13	8	5	22	5
3	13	22	5	3	5
3	13	3	5	5	4
3	13	5	4	10	5
3	13	10	5	16	5
3	13	16	5	-1	5
3	13	11	3	-1	5
3	14	8	5	3	5
3	14	3	5	16	5
3	14	16	5	10	5
3	14	10	5	10	7
3	14	10	7	0	9
3	15	22	2	-1	2
3	15	8	2	8	4
3	15	8	4	-1	8
3	16	15	8	8	8
3	16	8	8	15	8
3	16	15	8	-1	8
3	16	3	5	-1	5
3	16	16	5	-1	5
3	16	6	5	10	5
3	16	10	5	-1	7
4	1	11	4	-1	5
4	1	5	4	16	4
4	1	16	4	10	5
4	1	10	5	6	5
4	1	6	5	10	5
4	1	10	5	6	5
4	1	6	5	6	7
4	1	6	7	9	7
4	2	11	6	8	7
4	2	8	7	11	6
4	2	11	6	8	6
4	2	8	6	-1	9
4	2	8	5	5	4
4	2	5	4	8	5
4	2	8	5	6	7
4	2	6	7	-1	7
4	3	1	1	9	7
4	3	9	7	6	7
4	4	11	6	8	5
4	4	8	5	11	6
4	4	11	6	-1	6
4	4	8	5	5	5
4	4	5	5	16	5
4	4	16	5	10	5
4	4	10	5	15	5
4	4	15	5	10	5
4	4	10	5	6	7
4	4	6	7	8	7
4	5	8	7	0	9
4	6	5	4	10	5
4	6	10	5	3	4
4	6	3	4	3	5
4	6	3	5	6	7
4	6	6	7	10	7
4	6	10	7	6	6
4	7	8	6	-1	9
4	7	22	7	0	9
4	7	11	3	-1	5
4	7	15	4	15	5
4	7	15	5	9	5
4	8	9	5	-1	5
4	8	11	3	-1	5
4	8	16	5	-1	5
4	8	5	4	10	5
4	9	10	5	9	6
4	9	9	6	-1	6
4	9	3	4	-1	5
4	10	0	0	-2	1
4	11	1	1	8	5
4	11	8	5	-1	5
4	11	5	4	22	2
4	11	22	2	22	5
4	11	22	5	6	5
4	11	6	5	10	5
4	11	10	5	22	7
4	11	22	7	9	7
4	11	9	7	10	7
4	11	190	7	6	9
4	11	6	9	-3	9
4	13	0	0	-2	1
4	14	16	2	15	2
4	14	15	2	22	2
4	15	3	5	-1	6
4	16	16	5	-1	5
4	16	15	4	-1	4
4	16	5	4	-1	4
4	16	11	3	-1	3
4	17	5	4	5	3
4	17	5	3	-1	3
4	17	6	4	11	3
4	17	11	3	-1	7
4	17	22	4	-1	5
4	17	11	3	-1	7
